name: go1_sim
is_sim: true

#卡尔曼
accelerometer_variance: 0.01
sensor_variance: 0.01
initial_variance: 0.01

abad_link_length: 0.08505
hip_link_length: 0.213
knee_link_length: 0.213

# 从质心指向髋关节的向量
hip_offset_0: [ 0.1881, -0.04675, 0.]
hip_offset_1: [ 0.1881, 0.04675, 0. ]
hip_offset_2: [ -0.1881, -0.04675, 0.]
hip_offset_3: [ -0.1881, 0.04675, 0.] 

# fix stand 下的足端位置
foot_positions_normal_0: [0.1881, -0.13, -0.32]
foot_positions_normal_1: [0.1881, 0.13, -0.32]
foot_positions_normal_2: [-0.1881, -0.13, -0.32]
foot_positions_normal_3: [-0.1881, 0.13, -0.32]

fixed_stand_duration: 2000                                                      # 1000个周期站起来
fixed_stand_q: [0.0,0.67,-1.3,0.0,0.67,-1.3,0.0,0.67,-1.3,0.0,0.67,-1.3]        # 固定站立状态的关节角
fixed_stand_kp: [180,180,300,180,180,300,180,180,300,180,180,300]               # 固定站立状态的KP
fixed_stand_kd: [8,8,15,8,8,15,8,8,15,8,8,15]                                   # 固定站立状态的KD

# locomotion下的kp kd
swing_kp: [400,400,400,400,400,400,400,400,400,400,400,400]
swing_kd: [10,10,10,10,10,10,10,10,10,10,10,10]

# 步态信息
period: 0.4
stance_phase_ratio: 0.6
bias: [0.0, 0.5, 0.5, 0.0]
gait_height: 0.06

# 速度限幅
v_x_limit: [-0.4,0.4]
v_y_limit: [-0.3,0.3]
v_yaw_limit: [-0.5,0.5]

# mpc
Q: [0.25, 0.25, 10, 2, 2, 50, 0, 0, 0.3, 0.2, 0.2, 0.1]

# 机械参数
total_mass: 12.0
total_inertia: [0.0792,0,0,0,0.2085,0,0,0,0.2265] 